1,592
105
781
3,726
843
639
566
1,516
702
3,780
506
673
785
174
5,551
434
504
1,026
1,914
265
1,226
14,702
196
59,098
5,553
103
429
978
45,845
568
1,130
484
131
74
109
100
429
922
1,134
205
4,478
458
40
311
1,672
7,100
322
2,163
1,040
185
1,508
143
559
303
113
65
733
25
176
190
67
499
711
1,100
471
495
15
191
48
1,441
2,529
2,205
2,369
394
43
32
114
292
33,276
63
449
214
690
297
38
224
192
2,646
1,453
301
433
3,930
12,646
127
194
701
160
86
323
127
483
176
654
160
2,062
323
1,475
151
112
43
1,272
903
25,551
532
421
439
373
979
170
4,450
828
222
34
3,891
109
10,135
811
3,794
2,180
425
173
142
39,320
126,852
2,425
5,628
1,269
123
4,319
7,657
394
504
79
266
5,277
127
97
387
356
145
974
5,577
2,840
1,441
41
363
7,771
238
148
620
26,855
80
15,515
212
42
670
193
404
2,091
214
495
877
390
1,895
73
432
1,106
41
1,305
47
18,938
1,634
823
308
1,590
48
282
62,370
91
264
618
3,868
7,824
107
249
262
347
58
220
88
841
1,634
71
350
932
99,678
201
131
832
196
8,143
266
279
284
159
460
525
267
25
328
8,334
1,767
115
205,032
1,049
5,316
606
329
185
1,212
243
66
356
906
581
58
512
541
184
57,689
638
409
174
863
1,040
24
1,866
4,089
1,373
3,569
1,449
441
811
557
123
1,025
866
195
930
2,730
5,669
681
1,292
681
664
35
1,118
348
41
530
546
1,794
438
3,895
1,878
797
6,346
4,752
590
836
160
1,116
2,184
9,465
1,536
301
665
370
484
1,331
279
126
370
138
335
629
672
4,139
347
25,119
11,091
242
145
98
946
195
240
744
980
32
433
88
208
745
3,118
375
526
166
1,089
61
1,080
720
49
510
502
942
5,278
1,146
632
138
240
1,034
842
79
252
826
641
235
556
1,261
92
312
188
63
256
1,130
1,986
75
8,366
9,222
1,036
2,704
93
63
1,561
1,914
246
1,185
129
4,475
196
226
94
302
47
5,082
114
329
170
777
1,673
86
234
152
138
173
2,533
449
50
831
764
185
18
7,023
713
180
952
290
1,393
374
627
223
703
146
844
2,284
2,181
4,674
482
3,329
2,136
72
5,974
14,821
813
289
68,050
5,288
610
341
58
224
932
4,355
2,529
1,212
17,380
217
39
2,372
199
650
313
309
598
266
10,770
96
1,007
1,011
246
621
320
1,412
73
64
167
280
505
60
7,291
353
282
1,723
2,100
1,108
704
1,143
294
172
2,326
461
270
118
1,002
2,285
834
139
504
239
1,256
441
914
3,745
130
940
415
162
288
9,827
1,410
1,968
15
294
383
432
315
180
505
162
200
218
155
2,140
302
458
170
383
268
1,531
367
146
1,307
809
359
446
549
787
273
268
216
122
261
242
96
378
316
333
303
155
246
868
127
113
2,561
183
1,294
287
273
29
1,149
5,180
779
1,320
1,516
1,688
1,224
6,211
240
307
1,119
2,522
35,269
120
443
27,604
255
465
112
66
28,041
127
351
87
275
923
517
184
1,144
1,559
832
1,284
112
214
352
158
757
255
314
455
2,902
147
45
771
443
366
612
302
2,829
138
2,260
282
401
156
1,544
1,828
1,454
3,784
248
831
226
168
663
115
835
94
604
150
1,683
8,652
4,496
1,621
757
23,771
424
1,653
85
847
6,810
519
880
895
3,559
517
139
1,895
415
230
1,294
15,239
407
488
374
114
1,433
58
121
1,044
13,648
118
1,987
9,046
544
92
1,529
156
173
490
1,013
6,408
2,041
819
228
700
215
2,999
197
6,069
72
408
608
3,623
4,956
11,518
845
59
540
110
55
25,055
43
803
496
101
472
204
165
957
221
1,119
129
1,890
193
237
148
1,052
10,333
1,403
7,757
318
331
367
173
23
251
436
70
8,855
48
93
1,687
77
381
1,784
3,452
661
79
195
2,230
178
1,678
256
1,009
909
885
109
283
261
554
320
546
226
77
68
173
168
89
788
809
152
82
835
5,713
1,678
205
1,661
241
306
786
584
180
146
307
52
425
293
404
1,000
303
3,180
150
861
2,543
3,469
1,037
2,216
43
60
1,285
582
116
166
70
158
269
445
370
509
554
732
125
365
587
2,223
104
1,111
102
651
137
145
127
108
129
386
372
1,405
51
72
773
888
559
148
4,322
703
189
71
89
1,177
640
320
5,202
1,295
993
5,142
179
565
2,799
1,133
2,057
245
7,050
82,858
777
1,492
975
224
174
2,102
113
212
11,225
370
4,860
80
154
63
1,070
491
428
123
686
684
1,471
310
296
197
10,689
3,436
218
741
1,275
78
1,646
820
2,026
130
649
166
72
540
880
1,042
2,869
351
68
368
59
501
186
67
421
230
1,965
183
3,215
478
2,335
124
1,698
925
1,316
81
488
68
47
940
399
99
1,037
488
1,457
39,491
374
440
57
684
1,040
224
71
716
892
1,247
173
50
5,251
207
262
342
1,617
1,458
788
194
819
786
2,065
7,261
247
68,492
145
261
14,014
3,917
9,882
955
141
88
8,049
124
1,409
707
165
389
785
2,333
3,001
146
56,864
132
211
3,752
296
127
973
301
2,475
112
646
763
762
503
147
88
343
3,067
152
2,792
4,915
1,131
5,211
851
116
226
1,482
202
1,479
167
409
516
246
34
89
554
90