1,575
104
767
3,816
846
636
568
1,502
698
3,814
513
675
777
174
5,524
440
498
1,023
1,928
263
1,229
15,010
198
60,440
5,644
102
427
961
47,043
572
1,124
487
129
74
109
100
430
920
1,159
205
4,709
447
40
311
1,685
7,026
318
2,125
1,040
184
1,512
142
559
299
112
65
728
25
177
192
67
507
712
1,097
469
497
15
194
48
1,436
2,530
2,187
2,348
391
42
32
115
293
33,665
63
445
212
689
295
38
223
192
2,633
1,490
301
428
4,157
12,636
131
194
705
160
86
322
124
483
173
655
160
2,065
324
1,473
150
111
43
1,277
896
25,439
526
423
437
369
975
170
4,457
831
220
34
3,916
108
10,152
807
3,795
2,202
421
172
142
39,604
128,231
2,443
5,635
1,276
125
4,312
7,552
392
503
79
265
5,231
127
97
385
356
145
967
5,570
2,800
1,438
41
364
7,758
236
150
625
26,878
79
15,925
211
42
670
192
399
2,071
213
495
880
390
1,889
72
432
1,102
41
1,304
47
19,155
1,618
817
308
1,568
48
282
62,502
90
265
619
3,872
7,852
107
249
259
353
58
221
87
840
1,683
71
351
928
100,302
194
135
827
191
8,124
269
278
282
158
462
522
268
25
325
8,350
1,769
115
207,924
1,076
5,312
623
328
184
1,228
244
66
360
891
594
58
513
534
185
57,916
636
404
173
866
1,027
24
1,854
4,090
1,375
3,530
1,445
434
805
549
123
1,023
853
195
923
2,715
5,767
682
1,280
687
648
35
1,126
346
40
525
550
1,837
436
3,870
1,915
795
6,211
4,765
590
812
159
1,113
2,256
9,618
1,544
300
659
367
479
1,374
276
127
367
138
331
620
660
4,049
345
25,036
11,028
242
143
98
944
196
239
747
980
32
431
87
203
743
3,120
375
521
166
1,096
60
1,081
725
49
513
500
938
5,284
1,146
623
138
239
1,031
838
79
251
821
641
229
555
1,332
91
315
188
63
254
1,133
1,948
74
8,836
9,201
1,017
2,709
91
63
1,549
1,905
246
1,172
130
4,466
196
225
94
300
47
5,005
113
329
167
773
1,655
86
234
151
136
175
2,531
451
49
827
756
184
18
7,083
757
180
949
290
1,400
372
621
224
707
144
836
2,297
2,188
4,671
476
3,350
2,117
71
5,952
14,919
820
289
69,201
5,217
609
334
58
222
931
4,345
2,548
1,200
17,774
216
39
2,397
197
646
309
310
594
263
10,747
96
998
1,000
243
618
312
1,394
72
63
166
281
503
59
7,282
351
282
1,711
2,082
1,136
704
1,123
291
170
2,310
457
268
118
986
2,291
850
139
502
242
1,247
441
929
3,779
129
946
412
163
286
9,759
1,402
1,923
15
296
385
428
320
180
502
161
206
215
155
2,151
304
462
168
381
273
1,513
362
144
1,367
815
361
442
551
779
272
267
215
122
259
241
96
380
312
334
306
155
246
866
126
113
2,562
181
1,298
286
273
28
1,138
5,155
779
1,318
1,518
1,662
1,225
6,170
239
303
1,109
2,517
35,824
118
442
27,776
254
463
111
66
27,947
126
348
87
276
926
518
185
1,132
1,552
840
1,282
113
210
350
156
751
254
319
453
2,932
147
45
765
440
376
611
299
2,794
137
2,238
281
399
155
1,540
1,812
1,458
3,782
247
807
225
168
660
115
838
94
603
150
1,658
8,730
4,534
1,626
746
23,800
423
1,651
84
859
6,833
514
877
894
3,562
518
139
1,897
415
229
1,300
15,140
419
488
371
113
1,406
58
120
1,037
14,391
118
1,986
9,290
545
92
1,524
155
173
480
1,001
6,427
2,042
828
232
695
213
2,993
197
6,121
71
401
613
3,618
5,006
11,570
840
58
537
110
55
24,894
43
810
493
100
469
207
163
1,009
218
1,107
129
1,919
193
236
150
1,036
10,331
1,459
7,960
315
328
368
172
23
248
434
70
9,015
46
95
1,694
76
380
1,756
3,558
661
79
192
2,193
181
1,670
255
1,003
897
893
108
282
263
552
318
542
225
77
68
171
166
89
788
811
151
81
858
5,676
1,675
205
1,650
241
309
785
576
179
146
304
53
415
292
408
1,037
300
3,240
149
852
2,567
3,518
1,042
2,190
43
60
1,294
576
116
167
70
156
268
446
365
514
553
720
124
362
582
2,196
103
1,102
103
653
136
146
126
108
127
388
377
1,389
51
71
762
888
554
147
4,342
692
188
71
89
1,176
631
322
5,136
1,311
996
5,130
181
585
2,738
1,121
2,045
244
7,133
83,096
779
1,500
976
225
174
2,185
112
210
11,203
368
4,907
80
153
63
1,079
475
422
123
685
677
1,485
308
294
197
10,644
3,445
218
738
1,267
77
1,633
816
2,014
130
635
165
72
535
892
1,028
2,856
351
67
368
59
495
185
66
420
230
2,052
181
3,196
471
2,290
123
1,687
927
1,310
81
493
68
47
940
395
99
1,051
490
1,459
39,755
373
439
56
683
1,087
218
70
717
891
1,237
173
50
5,257
210
263
346
1,622
1,463
794
191
812
786
2,065
7,295
245
68,554
144
264
14,921
3,871
9,974
960
140
87
7,957
121
1,414
708
164
384
790
2,335
2,983
146
57,562
132
212
3,746
300
125
979
301
2,484
112
637
760
760
499
146
93
340
3,075
150
2,790
4,954
1,141
5,196
847
114
226
1,467
200
1,505
166
407
513
244
34
89
558
90