1,498
105
713
5,455
815
643
579
1,463
665
3,681
490
699
738
161
5,397
452
507
973
1,903
252
1,248
19,221
201
66,258
5,537
98
408
900
67,355
561
1,050
520
124
69
107
97
399
840
1,313
194
5,747
420
39
308
1,970
6,526
305
1,898
958
161
1,521
134
532
286
108
69
696
27
169
181
63
549
693
1,132
451
487
14
183
50
1,384
2,440
2,209
2,263
378
41
33
118
290
36,543
69
421
200
659
285
36
197
185
2,679
1,661
290
403
6,958
12,384
122
186
679
152
83
320
110
476
151
640
149
1,955
320
1,400
153
108
41
1,272
855
24,713
498
413
401
346
917
157
4,365
796
207
30
4,294
106
9,833
809
3,785
2,329
401
158
133
40,536
133,562
2,555
5,445
1,296
128
4,141
7,307
361
478
81
249
4,869
120
97
364
344
135
975
5,366
2,709
1,346
39
343
7,550
216
141
583
25,093
74
17,242
204
39
667
174
377
2,064
203
467
820
372
1,837
70
427
1,077
40
1,232
48
22,290
1,433
806
254
1,600
46
263
62,166
92
265
616
3,739
7,713
108
232
247
405
55
217
82
825
1,776
68
340
899
101,590
184
126
775
184
7,576
256
270
263
151
469
483
255
24
318
8,244
1,856
112
214,237
1,025
5,192
585
317
171
1,272
251
59
368
854
601
57
497
504
190
57,882
602
383
163
849
973
19
1,864
4,329
1,313
3,406
1,410
409
772
515
131
1,008
861
188
915
2,612
6,846
634
1,217
918
610
36
1,144
318
39
489
527
2,343
449
3,684
1,978
739
5,666
4,743
550
769
154
1,133
2,856
10,425
1,750
268
622
344
446
1,441
233
122
360
143
315
575
622
4,025
320
23,888
10,321
223
132
103
923
203
235
721
982
31
419
85
197
724
3,033
360
493
153
1,042
60
1,147
728
47
484
469
858
5,389
1,106
593
128
220
953
795
81
244
773
593
215
526
1,508
83
304
181
57
242
1,063
1,838
68
14,804
9,116
944
2,670
83
60
1,494
1,804
256
1,060
134
4,205
196
220
90
278
42
4,766
110
323
157
777
1,574
80
244
152
124
167
2,444
408
49
833
754
185
17
7,420
804
177
948
277
1,370
368
597
218
696
136
801
2,468
2,299
4,587
484
4,036
2,052
70
6,124
16,015
849
275
75,130
5,059
599
311
54
218
986
4,102
2,703
1,139
22,582
210
37
2,537
190
595
297
300
588
256
10,157
97
908
971
241
612
280
1,402
72
61
175
266
463
58
7,168
352
274
1,642
1,984
1,123
689
1,084
279
169
2,249
457
254
109
935
2,240
891
131
470
231
1,120
419
980
3,965
120
914
392
158
271
10,081
1,389
1,823
14
302
373
399
341
171
474
148
208
220
146
2,247
293
433
161
362
290
1,418
345
139
1,381
872
343
406
509
773
247
279
209
133
249
247
93
393
289
320
311
155
243
838
125
118
2,549
176
1,295
272
258
28
1,115
4,986
746
1,278
1,422
1,566
1,157
5,990
227
287
1,054
2,466
40,359
112
433
26,666
250
461
109
69
26,931
120
336
87
271
903
488
185
1,129
1,517
794
1,244
104
198
347
148
731
238
335
437
2,997
142
42
761
398
352
598
309
2,615
130
2,258
264
374
154
1,471
1,894
1,412
3,880
243
778
204
156
636
113
796
91
578
144
1,619
8,668
4,466
1,635
702
23,631
409
1,589
81
891
6,677
499
852
858
3,406
488
144
1,839
401
223
1,293
15,182
411
491
362
103
1,354
56
121
1,007
19,501
138
1,955
11,938
528
89
1,501
159
169
459
943
5,900
1,979
792
223
687
210
2,764
193
6,182
71
377
587
3,555
5,242
11,506
778
56
507
103
37
24,368
42
792
483
102
342
227
149
1,066
208
1,067
319
1,928
264
230
161
977
10,237
1,857
7,676
287
309
354
168
22
240
414
67
10,019
44
98
1,696
69
362
1,634
4,961
613
75
178
2,053
188
1,718
237
959
856
946
108
270
289
564
292
524
209
73
56
163
155
86
793
846
155
78
816
5,276
1,626
194
1,617
262
297
764
574
176
135
287
50
370
273
435
1,022
279
3,537
143
822
2,522
3,854
990
2,082
41
57
1,254
532
116
163
68
150
270
409
346
504
536
682
122
346
554
2,068
101
1,120
99
619
129
136
127
101
124
384
387
1,381
53
67
723
857
524
147
5,127
701
179
69
85
1,106
612
321
5,082
1,275
972
4,820
178
655
2,574
1,047
2,017
246
7,605
82,651
744
1,458
987
227
164
2,690
106
207
10,952
344
5,155
77
146
65
1,137
463
396
120
643
658
1,436
302
276
191
10,322
3,320
212
699
1,218
80
1,728
831
1,962
119
596
158
75
507
953
989
2,732
334
62
336
55
469
181
62
402
214
4,157
173
3,223
443
2,143
117
1,596
965
1,360
77
491
63
43
956
381
95
1,026
469
1,494
44,379
339
417
59
656
1,292
204
65
713
868
1,142
161
48
5,075
196
240
345
1,634
1,445
789
173
769
769
1,999
7,230
223
67,328
144
245
24,089
3,625
10,198
943
128
71
7,671
115
1,395
687
148
365
748
2,492
2,890
147
67,899
128
198
3,766
291
118
930
289
2,305
110
624
723
723
476
145
98
320
3,164
154
2,824
4,809
1,088
5,383
849
107
206
1,385
194
1,448
161
395
515
239
32
86
518
92